21148
10511
100232
755
3434
21312
2428
3631
21084
5307
1138
21091
2818
21027
30210
10090
1734
1860
10241
13219
10052
20346
1659
2521
10392
1209
3201
3226
12272
1307
2586
11347
2181
951
5420
1560
11482
5163
1950
2238
1425
634
10568
20500
12093
20434
20035
20504
11260
6004
519
3159
20355
1593
669
3080
2019
4511
10751
100260
10131
736
11252
13017
100092
7001
637
3703
1182
20411
21312
1480
10141
5052
110211
3285
1933
11143
100219
10302
12282
10612
20188
101004
11301
11301
1513
4001
1055
13125
11343
10635
101045
506
11177
20611
10026
10030
12063
615